1.557462910322892355e+02 4.068662143139437831e+03
3.807462910322892640e+02 2.068662143139437831e+03
4.932462910322892640e+02 5.068662143139437831e+03
2.682462910322892640e+02 3.068662143139437831e+03
3.244962910322892640e+02 5.568662143139437831e+03
9.949629103228917870e+01 3.568662143139437831e+03
4.369962910322892640e+02 4.568662143139437831e+03
2.119962910322892355e+02 2.568662143139437831e+03
2.401212910322892355e+02 5.318662143139437831e+03
4.651212910322892640e+02 3.318662143139437831e+03
1.276212910322891787e+02 4.318662143139437831e+03
3.526212910322892640e+02 2.318662143139437831e+03
2.963712910322892640e+02 4.818662143139437831e+03
7.137129103228917870e+01 2.818662143139437831e+03
4.088712910322892640e+02 5.818662143139437831e+03
1.838712910322892355e+02 3.818662143139437831e+03
1.979337910322892355e+02 5.943662143139437831e+03
4.229337910322892640e+02 3.943662143139437831e+03
8.543379103228917870e+01 4.943662143139437831e+03
3.104337910322892640e+02 2.943662143139437831e+03
3.666837910322892640e+02 4.443662143139437831e+03
1.416837910322891787e+02 2.443662143139437831e+03
4.791837910322892640e+02 5.443662143139437831e+03
2.541837910322892355e+02 3.443662143139437831e+03
2.260587910322892355e+02 4.693662143139437831e+03
4.510587910322892640e+02 2.693662143139437831e+03
1.135587910322891787e+02 5.693662143139437831e+03
3.385587910322892640e+02 3.693662143139437831e+03
2.823087910322892640e+02 5.193662143139437831e+03
5.730879103228918581e+01 3.193662143139437831e+03
3.948087910322892640e+02 4.193662143139437831e+03
1.698087910322892355e+02 2.193662143139437831e+03
1.557462910322892355e+02 4.068662143139437831e+03
3.807462910322892640e+02 2.068662143139437831e+03
4.932462910322892640e+02 5.068662143139437831e+03
2.682462910322892640e+02 3.068662143139437831e+03
3.244962910322892640e+02 5.568662143139437831e+03
9.949629103228917870e+01 3.568662143139437831e+03
4.369962910322892640e+02 4.568662143139437831e+03
2.119962910322892355e+02 2.568662143139437831e+03
2.401212910322892355e+02 5.318662143139437831e+03
4.651212910322892640e+02 3.318662143139437831e+03
1.276212910322891787e+02 4.318662143139437831e+03
3.526212910322892640e+02 2.318662143139437831e+03
2.963712910322892640e+02 4.818662143139437831e+03
7.137129103228917870e+01 2.818662143139437831e+03
4.088712910322892640e+02 5.818662143139437831e+03
1.838712910322892355e+02 3.818662143139437831e+03
1.979337910322892355e+02 5.943662143139437831e+03
4.229337910322892640e+02 3.943662143139437831e+03
8.543379103228917870e+01 4.943662143139437831e+03
3.104337910322892640e+02 2.943662143139437831e+03
3.666837910322892640e+02 4.443662143139437831e+03
1.416837910322891787e+02 2.443662143139437831e+03
4.791837910322892640e+02 5.443662143139437831e+03
2.541837910322892355e+02 3.443662143139437831e+03
2.260587910322892355e+02 4.693662143139437831e+03
4.510587910322892640e+02 2.693662143139437831e+03
1.135587910322891787e+02 5.693662143139437831e+03
3.385587910322892640e+02 3.693662143139437831e+03
2.823087910322892640e+02 5.193662143139437831e+03
5.730879103228918581e+01 3.193662143139437831e+03
3.948087910322892640e+02 4.193662143139437831e+03
1.698087910322892355e+02 2.193662143139437831e+03
1.557462910322892355e+02 4.068662143139437831e+03
3.807462910322892640e+02 2.068662143139437831e+03
4.932462910322892640e+02 5.068662143139437831e+03
2.682462910322892640e+02 3.068662143139437831e+03
3.244962910322892640e+02 5.568662143139437831e+03
9.949629103228917870e+01 3.568662143139437831e+03
4.369962910322892640e+02 4.568662143139437831e+03
2.119962910322892355e+02 2.568662143139437831e+03
2.401212910322892355e+02 5.318662143139437831e+03
4.651212910322892640e+02 3.318662143139437831e+03
1.276212910322891787e+02 4.318662143139437831e+03
3.526212910322892640e+02 2.318662143139437831e+03
2.963712910322892640e+02 4.818662143139437831e+03
7.137129103228917870e+01 2.818662143139437831e+03
4.088712910322892640e+02 5.818662143139437831e+03
1.838712910322892355e+02 3.818662143139437831e+03
1.979337910322892355e+02 5.943662143139437831e+03
4.229337910322892640e+02 3.943662143139437831e+03
8.543379103228917870e+01 4.943662143139437831e+03
3.104337910322892640e+02 2.943662143139437831e+03
3.666837910322892640e+02 4.443662143139437831e+03
1.416837910322891787e+02 2.443662143139437831e+03
4.791837910322892640e+02 5.443662143139437831e+03
2.541837910322892355e+02 3.443662143139437831e+03
2.260587910322892355e+02 4.693662143139437831e+03
4.510587910322892640e+02 2.693662143139437831e+03
1.135587910322891787e+02 5.693662143139437831e+03
3.385587910322892640e+02 3.693662143139437831e+03
2.823087910322892640e+02 5.193662143139437831e+03
5.730879103228918581e+01 3.193662143139437831e+03
3.948087910322892640e+02 4.193662143139437831e+03
1.698087910322892355e+02 2.193662143139437831e+03
1.557462910322892355e+02 4.068662143139437831e+03
3.807462910322892640e+02 2.068662143139437831e+03
4.932462910322892640e+02 5.068662143139437831e+03
2.682462910322892640e+02 3.068662143139437831e+03
3.244962910322892640e+02 5.568662143139437831e+03
9.949629103228917870e+01 3.568662143139437831e+03
4.369962910322892640e+02 4.568662143139437831e+03
2.119962910322892355e+02 2.568662143139437831e+03
2.401212910322892355e+02 5.318662143139437831e+03
4.651212910322892640e+02 3.318662143139437831e+03
1.276212910322891787e+02 4.318662143139437831e+03
3.526212910322892640e+02 2.318662143139437831e+03
2.963712910322892640e+02 4.818662143139437831e+03
7.137129103228917870e+01 2.818662143139437831e+03
4.088712910322892640e+02 5.818662143139437831e+03
1.838712910322892355e+02 3.818662143139437831e+03
1.979337910322892355e+02 5.943662143139437831e+03
4.229337910322892640e+02 3.943662143139437831e+03
8.543379103228917870e+01 4.943662143139437831e+03
3.104337910322892640e+02 2.943662143139437831e+03
3.666837910322892640e+02 4.443662143139437831e+03
1.416837910322891787e+02 2.443662143139437831e+03
4.791837910322892640e+02 5.443662143139437831e+03
2.541837910322892355e+02 3.443662143139437831e+03
2.260587910322892355e+02 4.693662143139437831e+03
4.510587910322892640e+02 2.693662143139437831e+03
1.135587910322891787e+02 5.693662143139437831e+03
3.385587910322892640e+02 3.693662143139437831e+03
2.823087910322892640e+02 5.193662143139437831e+03
5.730879103228918581e+01 3.193662143139437831e+03
3.948087910322892640e+02 4.193662143139437831e+03
1.698087910322892355e+02 2.193662143139437831e+03
