1.036515845365048349e+01 3.305553259941616417e+00 3.018740227633773809e-01 3.752268608497748232e+02 6.656509708005630443e+01 1.664060388504352339e+00 6.321228098680491094e+05 3.206303553570005170e+04 1.981853048842032877e+04 6.362759554738766747e+04 0.000000000000000000e+00 1.000000000000000000e+02
8.730413205537157495e+00 2.433056941185071764e+01 2.587208701513436182e+01 3.523368269409299103e+01 4.587347047557443034e+02 7.068792823832731331e-01 2.289745823097353277e+05 4.821140657710649975e+03 2.777482235426488387e+03 1.127340281111938566e+04 0.000000000000000000e+00 1.000000000000000000e+02
8.257653345769957909e+00 9.624992663202171173e+00 1.573529064283760093e+01 9.827154118664562077e+01 1.240637238809368682e+03 1.736449090490663094e+00 5.666624260676585836e+05 1.301886847271170154e+04 9.525829701396971359e+03 1.755840762240088952e+04 0.000000000000000000e+00 1.000000000000000000e+02
7.039050598562546668e+00 7.532638674954700519e+00 7.135632404831951936e-01 1.040482665792830375e+02 5.152142507851009441e+02 1.200914137399893500e+00 3.842921794063177658e+05 1.433764945495381107e+04 1.951974697692411428e+04 2.278127515410809065e+04 0.000000000000000000e+00 1.000000000000000000e+02
8.680488494728843207e+00 5.721055899439722481e+00 3.560476449688261269e-01 1.682936490993053269e+02 1.137744640484761931e+03 2.021157063374868113e+00 6.674731790187032893e+05 2.053305459452814466e+04 1.977584127770220221e+04 2.716827914118273475e+04 0.000000000000000000e+00 1.000000000000000000e+02
9.404226427942127486e+00 3.526550694495633298e+00 3.080317590316585807e-01 3.535245257429328376e+02 1.484727004239013937e+01 1.483693620986903383e+00 5.592399842597340466e+05 2.959098070648842986e+04 1.978104309011708392e+04 5.866904649038214848e+04 0.000000000000000000e+00 1.000000000000000000e+02
7.776262772370111875e+00 9.629787213339856322e+00 1.484043781272758444e+01 9.390720947514333261e+01 1.078176444613343392e+03 1.584675834712487186e+00 5.159026087575504789e+05 1.251400566668093416e+04 1.012669833573857613e+04 1.787640427774774071e+04 0.000000000000000000e+00 1.000000000000000000e+02
6.876933878503015407e+00 7.074715505962942075e+00 4.114732308106365810e-01 1.140271967760157992e+02 3.204980680621559941e+02 1.052935052339797783e+00 3.415572222149890731e+05 1.464425321797967081e+04 1.969499460358326905e+04 2.528565730414113204e+04 0.000000000000000000e+00 1.000000000000000000e+02
3.184655704944926242e+02 1.729120595573797914e+01 6.147763549922224513e+00 4.099837025000959443e+02 1.869651801577976755e+02 1.834617878882711661e+00 7.113375102385790087e+05 3.408184294415609475e+04 1.591840668167679360e+04 7.337276748600878636e+04 0.000000000000000000e+00 1.000000000000000000e+02
7.678554744414663347e+00 1.748005455518622142e+01 2.257619334702805958e+01 5.761929718201026418e+01 7.905237841874293281e+02 1.128082328239984555e+00 3.672766896183277131e+05 7.903310781308688092e+03 4.978027961381946625e+03 1.436139923402796921e+04 0.000000000000000000e+00 1.000000000000000000e+02
1.140866254567476901e+01 2.971539828629230495e+00 3.017060043387109758e-01 4.192272126842117927e+02 4.665216261427749345e+01 1.759259845414782308e+00 6.743376036084156949e+05 3.460172567405269365e+04 1.981104264170405077e+04 6.823586180678795790e+04 0.000000000000000000e+00 1.000000000000000000e+02
6.673980470788633212e+00 1.868298823998979330e+01 2.219095567303103067e+01 4.579732615791164818e+01 4.864029257079822628e+02 8.147532801603257768e-01 2.641865009862514562e+05 6.479421209164304855e+03 5.208740453746101593e+03 1.455776636369037624e+04 0.000000000000000000e+00 1.000000000000000000e+02
8.208243213314599274e+00 6.006836291733218758e+00 3.632220353336960139e-01 1.557122227807657566e+02 9.249910905385858086e+02 1.778764646053270670e+00 5.864055073310367297e+05 1.912872157922801125e+04 1.977798959523159283e+04 2.686402698771529322e+04 0.000000000000000000e+00 1.000000000000000000e+02
8.065169522462182883e+00 4.496727690131339550e+00 3.254004923120752957e-01 2.812018139570299127e+02 1.669941341942801971e+00 1.206861277056055615e+00 4.422709823232523049e+05 2.427817512730832095e+04 1.983140922515846978e+04 4.803109451842631825e+04 0.000000000000000000e+00 1.000000000000000000e+02
8.989654348499584557e+00 6.337000187934874518e+00 5.009859841885802023e-01 1.485322779155548290e+02 1.302708431720801855e+03 2.086380991091107528e+00 6.798571833442754578e+05 1.940606377701972815e+04 1.967140128493348311e+04 2.378363060336245326e+04 0.000000000000000000e+00 1.000000000000000000e+02
9.665684789780932817e+00 3.672989063640845320e+00 3.084903160732528349e-01 3.342384674609231752e+02 8.414297157629211199e+01 1.571059881283888515e+00 5.917359127859097207e+05 2.974028160876363108e+04 1.982299330965491026e+04 5.916526001196280413e+04 0.000000000000000000e+00 1.000000000000000000e+02
7.677467350806665536e+02 3.271754334617705950e+01 1.079442736059883323e+01 4.854341284470327764e+02 1.257698167786509913e+02 1.735818074472939676e+00 6.811499249123601476e+05 3.155782211987753544e+04 1.281501507964646044e+04 7.831318899035373761e+04 0.000000000000000000e+00 1.000000000000000000e+02
7.376190347639517420e+00 1.193460842866491944e+01 1.799732201185241820e+01 7.808285495578050472e+01 9.207090558659875796e+02 1.360846555746118680e+00 4.437677474995219964e+05 1.049688224409120267e+04 8.024464843087268491e+03 1.677944913993024602e+04 0.000000000000000000e+00 1.000000000000000000e+02
3.211333867780336959e+02 1.766162361816019200e+01 6.035494586316238141e+00 4.660977422483542796e+02 3.227147491676916946e+00 1.733991481324953732e+00 6.776962034626464592e+05 3.532491966632282129e+04 1.598883196223919731e+04 7.564811421466249158e+04 0.000000000000000000e+00 1.000000000000000000e+02
6.522003018999821933e+00 1.135771402373600125e+01 1.465809025379079955e+01 7.174736466363363263e+01 5.922963376587795210e+02 1.065450828582189091e+00 3.448704819314057822e+05 9.862843997477057201e+03 1.015827499711906239e+04 1.777716468135212926e+04 0.000000000000000000e+00 1.000000000000000000e+02
7.785760466981377803e+00 7.550523507976251381e+00 4.558645071315788222e+00 1.142380738498865469e+02 9.500855156080970119e+02 1.614838306751912977e+00 5.225101140560940257e+05 1.545155763077818483e+04 1.700364459695838741e+04 2.141931754631493823e+04 0.000000000000000000e+00 1.000000000000000000e+02
7.293844715540378054e+00 5.494445748876135127e+00 3.455432751811227665e-01 2.089911003929363460e+02 3.913064269770032411e+01 1.065486703558201409e+00 3.808411965233778465e+05 2.040129309545794604e+04 1.975976027955811151e+04 4.086980674483046459e+04 0.000000000000000000e+00 1.000000000000000000e+02
8.517027332995599664e+00 8.209585472095877634e+00 1.131709779333328925e+01 1.136070997663020421e+02 1.311348042966225421e+03 1.887910290926376078e+00 6.153689656102004228e+05 1.504951190330915961e+04 1.249287060589782050e+04 1.910873745763308034e+04 0.000000000000000000e+00 1.000000000000000000e+02
7.379971826404823965e+00 6.777902187306089843e+00 4.019376546504470626e-01 1.249957279698927550e+02 5.674728210178955123e+02 1.332735350019324638e+00 4.338574513257142389e+05 1.605982087520930327e+04 1.973129687225737871e+04 2.511662263504755902e+04 0.000000000000000000e+00 1.000000000000000000e+02
4.566926596582163000e+01 4.692140781614736689e+00 1.135940175371582761e+00 3.926188098717196908e+02 1.524394453170359895e+02 1.854096483314735089e+00 7.090384045208523748e+05 3.433061178427343111e+04 1.925296814423147225e+04 6.808949604741446092e+04 0.000000000000000000e+00 1.000000000000000000e+02
8.643910348877696492e+00 2.222342642036359806e+01 2.491890051354612012e+01 4.418988288668066389e+01 6.360500303389401324e+02 9.123529024704104540e-01 2.961243516593356035e+05 6.068475745093041951e+03 3.435426549810609686e+03 1.206237083644500854e+04 0.000000000000000000e+00 1.000000000000000000e+02
7.938979715780984634e+02 3.321975937348675956e+01 1.089213959725694281e+01 5.268884696163028138e+02 8.353369157358947916e+00 1.669575585886609925e+00 6.569672856376168784e+05 3.122536192003339966e+04 1.274878847419241902e+04 7.661634136711241445e+04 0.000000000000000000e+00 1.000000000000000000e+02
7.112545947483100761e+00 8.914533090100343671e+00 1.036137749478867143e+01 9.158212529007505509e+01 7.759506279609597641e+02 1.332422411734119905e+00 4.321019114707031404e+05 1.244325236102204690e+04 1.312076801648901346e+04 1.930127035271680143e+04 0.000000000000000000e+00 1.000000000000000000e+02
8.659665048234440832e+00 4.694546684150495253e+00 3.301573851932416703e-01 1.849249137952745912e+02 9.512317703522564898e+02 1.913359644152005101e+00 6.399659111878089607e+05 2.126186515341093764e+04 1.979226290098931713e+04 3.132987680068573900e+04 0.000000000000000000e+00 7.029999999999999716e+01
8.771717464002763975e+00 3.874611866581464170e+00 3.147080561038294588e-01 3.269748789526063888e+02 9.021034591073456843e-01 1.345905653353739018e+00 5.012632449267531629e+05 2.722055919872559753e+04 1.979838093815554748e+04 5.356068757674004155e+04 0.000000000000000000e+00 1.000000000000000000e+02
7.448722689124057439e+00 9.498347903282741811e+00 1.363478640561990751e+01 9.139294709999238364e+01 9.531264722052295610e+02 1.472239085987800289e+00 4.785213397522257292e+05 1.226766429962262373e+04 1.088807242779358421e+04 1.824670952192940240e+04 0.000000000000000000e+00 1.000000000000000000e+02
7.079413536294270948e+00 6.106530933133647920e+00 3.654287295310924000e-01 1.676451043605625841e+02 6.441672591242819124e+01 9.690638158839496308e-01 3.377158924294625758e+05 1.790974854466719262e+04 1.977039394411609828e+04 3.524613283752541611e+04 0.000000000000000000e+00 1.000000000000000000e+02
1.005596193465681054e+01 2.832684699523485783e+00 2.057825163228015619e-01 3.313130038588903972e+02 6.578161095989081275e+01 1.661913150648911097e+00 6.289353345812370535e+05 3.088889821441646927e+04 1.988094603129270399e+04 5.954627491416748671e+04 6.845945345772370274e+03 1.000000000000000000e+02
3.911357368996298156e+00 1.573464331368537827e+01 2.403534756155464791e+01 3.456102560796300338e+01 4.258479136778408929e+02 7.212910560388007264e-01 2.332270103074332583e+05 5.373204478968023977e+03 3.991061801770947568e+03 1.296588812968449565e+04 2.019067671186504413e+03 1.000000000000000000e+02
5.715130952373875139e+00 4.370022780332685208e+00 1.565642012657175286e+01 9.018734130272824245e+01 1.231833006280502786e+03 1.733773880811051216e+00 5.644387127434753347e+05 1.264073896169295949e+04 9.381031877552959486e+03 1.666875525569954334e+04 2.029710210580850116e+03 1.000000000000000000e+02
5.431395275445904502e+00 3.039191199564490908e+00 2.316327977246267267e+00 9.140091506850866665e+01 5.191163960295026527e+02 1.189167122878048488e+00 3.795346046136751538e+05 1.353553859674051273e+04 1.841002993563575728e+04 2.104034688605149495e+04 2.052844378938863429e+03 1.000000000000000000e+02
1.062283265312258074e+01 2.571932675369000165e+00 2.003974168309921866e-01 1.568795503917911560e+02 1.116906472495542630e+03 2.021806295488611127e+00 6.671243837435797323e+05 2.032409740351426080e+04 1.986414264615313732e+04 2.612667871824817848e+04 2.860112084077827149e+03 1.000000000000000000e+02
9.075353844822970473e+00 3.173877190851762897e+00 2.160209278502354946e-01 3.082775685597093229e+02 2.588598000191906934e+01 1.481519701583407400e+00 5.554263232652005972e+05 2.826959913923878048e+04 1.987231394587370596e+04 5.444009477966371196e+04 6.438895012262550154e+03 1.000000000000000000e+02
5.421853148635157105e+00 4.656240050406297293e+00 1.591372590137980758e+01 8.526030989325302301e+01 1.073924982024084102e+03 1.575281700483301295e+00 5.124327644258898217e+05 1.196394895394276136e+04 9.476429523414486539e+03 1.679676355056931061e+04 1.980894072948019584e+03 1.000000000000000000e+02
7.506757396052054609e+00 2.845905851351452132e+00 2.552583397109557395e-01 1.031227876717230458e+02 3.142360646533015256e+02 1.052758857746725063e+00 3.401936011408930062e+05 1.435885979122149547e+04 1.984179188588321995e+04 2.399990069692035468e+04 2.185015209005232919e+03 1.000000000000000000e+02
2.596178238172943225e+02 1.376435501137713757e+01 5.228238801046519058e+00 3.814544451637527231e+02 1.615264441344222348e+02 1.880168137269130568e+00 7.296945022949306294e+05 3.445185974300433736e+04 1.651891059084429435e+04 7.016008481243779534e+04 8.219044784536676161e+03 1.000000000000000000e+02
4.470433138851027444e+00 1.139487642423097924e+01 2.241233471653942644e+01 5.337647088925548644e+01 7.753136905547227116e+02 1.130079132719844504e+00 3.659326061320784502e+05 7.806965928728791368e+03 5.076832898952503456e+03 1.417614914931047679e+04 2.022877586679381238e+03 1.000000000000000000e+02
9.883148088744810877e+00 3.033321185071245818e+00 2.072691914611267117e-01 3.671003334596608170e+02 5.065260558854447481e+01 1.756001544426768035e+00 6.694595303202735959e+05 3.310131677382282942e+04 1.987877656281993404e+04 6.352483318703112309e+04 7.519000027949527976e+03 1.000000000000000000e+02
4.042220971815716268e+00 1.326080844123233504e+01 2.223890384496761996e+01 4.235396734955025266e+01 4.743499518958521435e+02 8.154102146174767585e-01 2.638410537347200443e+05 6.407258624891263935e+03 5.197224026020863676e+03 1.411471524428098019e+04 1.946689305657953810e+03 1.000000000000000000e+02
1.006948601630424278e+01 2.604611796155921866e+00 2.077568380833774153e-01 1.445285747727094190e+02 9.064725264310010289e+02 1.780254032302149181e+00 5.859851748725963989e+05 1.891157631842344199e+04 1.988586691618823534e+04 2.577154454776524290e+04 2.708066632547728204e+03 1.000000000000000000e+02
8.645598633064981442e+00 3.318155821804299244e+00 2.255444867711136614e-01 2.468141481637543109e+02 2.740873599070883682e+00 1.204774169550043794e+00 4.394992016817019903e+05 2.326169580756869982e+04 1.985090649447785472e+04 4.504660121509902820e+04 5.313966517515420492e+03 1.000000000000000000e+02
8.497419886748858175e+00 2.627923554256124117e+00 2.106624960736966645e-01 1.378822998080873390e+02 1.286344971910722734e+03 2.086335155834404542e+00 6.784186457022748655e+05 1.914621411458901275e+04 1.983373011594900890e+04 2.273093536772162042e+04 2.550173773386452467e+03 1.000000000000000000e+02
1.090273195173398335e+01 2.610716686883456372e+00 2.043800170209600364e-01 2.990345391026264679e+02 7.878071944050174125e+01 1.570654270396315111e+00 5.908353092171051539e+05 2.897893667930591982e+04 1.989384141883879784e+04 5.547196230494134943e+04 6.168174926687226616e+03 1.000000000000000000e+02
5.792538359410887097e+02 2.843768760708984189e+01 9.251346113202039589e+00 4.124103582114933033e+02 1.260676763628626276e+02 1.835609258773522878e+00 7.208844768817892764e+05 3.440900725880055688e+04 1.387579002205677170e+04 7.700949799931867165e+04 1.015089739729884604e+04 1.000000000000000000e+02
4.920109062204780059e+00 7.016212129224942196e+00 1.886835563926440074e+01 7.075539092325179524e+01 9.153232155762930233e+02 1.356453330493448961e+00 4.411566984962502611e+05 1.005870527347932875e+04 7.510089750360226390e+03 1.582625689029810019e+04 1.955656922087212024e+03 1.000000000000000000e+02
2.187176948007915769e+02 1.331436967724881804e+01 4.518756824934721195e+00 4.246515357558835717e+02 8.278103899444680280e+00 1.802643118258101973e+00 7.016896456881739432e+05 3.522046355335690168e+04 1.702237779098151077e+04 7.169952638325218868e+04 8.971138613070694191e+03 1.000000000000000000e+02
4.533100703016557986e+00 7.211649998551335372e+00 1.661529226389598790e+01 6.316322732578088761e+01 5.940172205820973659e+02 1.052403618273180408e+00 3.408419808208099566e+05 9.176176686073171368e+03 8.936831747335732871e+03 1.653549333046330503e+04 1.871413868383611771e+03 1.000000000000000000e+02
5.894888571524881549e+00 3.049282516876283822e+00 6.030650775633365157e+00 1.029120846011551720e+02 9.489611196925208105e+02 1.602879611713871721e+00 5.177592627808274701e+05 1.474297898110920505e+04 1.602085031861908647e+04 1.987049887457563455e+04 2.148335025313597271e+03 1.000000000000000000e+02
1.478442817039400126e+01 3.159257835045814033e+00 2.280875678065183709e-01 1.855788313893187365e+02 3.746724061975392317e+01 1.065399878738535699e+00 3.801864509139475413e+05 1.986394271566337193e+04 1.984711621000524246e+04 3.830695709731108218e+04 3.746447993399702682e+03 1.000000000000000000e+02
6.173619744862977043e+00 3.383933323341829169e+00 1.113284827602894822e+01 1.048786639939203553e+02 1.299282238173854239e+03 1.887440814716454085e+00 6.137066395917759510e+05 1.475427199649731847e+04 1.259323543292548129e+04 1.818400387582719122e+04 2.147509265234392842e+03 1.000000000000000000e+02
8.052261869268937389e+00 2.742903968282161209e+00 2.328192889249196817e-01 1.143965116692412067e+02 5.572489842238134088e+02 1.332557195500543967e+00 4.324087601159734768e+05 1.577336780637813354e+04 1.984758549311360548e+04 2.388651118752174079e+04 2.308677613649073010e+03 1.000000000000000000e+02
1.188057904991635283e+01 2.327422859235246388e+00 2.013682262807090229e-01 3.611322042678384037e+02 1.317750787944074204e+02 1.889237972181025738e+00 7.222243360857436201e+05 3.433155858997044561e+04 1.988538097214620575e+04 6.497080336385914416e+04 7.368713310953086875e+03 1.000000000000000000e+02
4.181447209378179153e+00 1.420990799071859989e+01 2.375138067785148976e+01 4.206736338789954743e+01 6.083140289462488681e+02 9.202734920134167940e-01 2.987467411213840242e+05 6.358040339038645470e+03 4.145168799807431242e+03 1.324151199919452120e+04 2.040720876044732904e+03 1.000000000000000000e+02
5.844597566872618017e+02 2.825158980804281583e+01 9.159654984198610350e+00 4.473210172648500702e+02 3.370576284564974401e+01 1.778135348543516070e+00 7.015977427840643795e+05 3.454173225482342968e+04 1.390921037315003559e+04 7.498311657296160411e+04 1.105104119642204023e+04 1.000000000000000000e+02
5.106192343692818270e+00 4.394109225266554120e+00 1.307114158189854614e+01 7.997013006075073349e+01 7.824668268526809243e+02 1.315551456623230031e+00 4.261835209034462459e+05 1.145333642603603766e+04 1.133370791165724222e+04 1.770899962463265547e+04 1.912245053163107514e+03 1.000000000000000000e+02
1.245006275269841112e+01 2.597686663082180214e+00 1.993140880710897178e-01 1.733747320882151541e+02 9.228795369292173518e+02 1.916896032960068386e+00 6.424454911236984190e+05 2.127262501848904503e+04 1.991991096342540186e+04 2.994789227187890720e+04 3.216776282724442808e+03 1.000000000000000000e+02
8.341183998699943203e+00 3.336500083641158909e+00 2.268156295820460133e-01 2.864787475813578226e+02 1.177886674584845750e+00 1.343204092091092372e+00 4.980885305333462893e+05 2.605585487529158127e+04 1.982845084589531325e+04 5.015306785960910929e+04 6.225828943413540401e+03 1.000000000000000000e+02
5.259011019085701122e+00 4.689682083802148682e+00 1.623888236485722558e+01 8.226492152764745924e+01 9.516353446545725774e+02 1.462179688177843495e+00 4.752682266957886168e+05 1.163983388755694796e+04 1.000394582272793741e+04 1.706717763987100261e+04 1.949879548427544250e+03 1.000000000000000000e+02
1.379879950555593737e+01 2.921330240742959994e+00 2.412037888587506840e-01 1.523750656655813032e+02 5.423776915913406782e+01 9.702643950173835963e-01 3.379340479604260763e+05 1.765490829555646269e+04 1.985683692375425017e+04 3.362367784602335450e+04 3.103340891055280281e+03 1.000000000000000000e+02
1.059431122309536200e+01 3.423433115882234201e+00 3.029955973086309595e-01 3.611394938548145888e+02 7.381715788521381683e+01 1.664167398760697303e+00 6.320206031784025254e+05 3.162698936457303716e+04 1.981303085317231307e+04 6.367855888091291854e+04 0.000000000000000000e+00 1.000000000000000000e+02
8.588406236375414338e+00 2.683764345187620748e+01 2.526749933363527489e+01 3.427996140881423770e+01 4.582939599192159790e+02 7.083392473382058574e-01 2.282137285153776174e+05 4.869663037790382077e+03 3.192260985340095431e+03 1.099541908849553874e+04 0.000000000000000000e+00 1.000000000000000000e+02
8.666575549384321064e+00 1.041180539389771020e+01 1.637723864840051036e+01 9.473524255488426604e+01 1.250509485786017649e+03 1.731360257988015183e+00 5.636815592869204702e+05 1.266180805600663007e+04 9.081677602549931180e+03 1.699437073393468745e+04 0.000000000000000000e+00 1.000000000000000000e+02
7.324757573635127805e+00 8.151433889983115577e+00 3.555777894612023093e+00 9.484887728158159348e+01 5.419289737601056913e+02 1.180020047130736049e+00 3.772690233259083470e+05 1.330963948594648173e+04 1.768032922523011803e+04 2.129269059039140484e+04 0.000000000000000000e+00 1.000000000000000000e+02
9.210304913461122567e+00 5.913756666889627311e+00 3.557647428851539173e-01 1.640584033496414236e+02 1.145193521382257813e+03 2.019820539581342889e+00 6.662165484156169696e+05 2.033551906941052584e+04 1.976125555943400468e+04 2.670700804366460579e+04 0.000000000000000000e+00 1.000000000000000000e+02
9.615166863432953903e+00 3.695411796135647187e+00 3.095541806175685640e-01 3.361972300609279500e+02 3.078232955691118988e+01 1.482059515288684626e+00 5.575384077551529044e+05 2.896372776373918896e+04 1.978262759507257579e+04 5.836596575154351012e+04 0.000000000000000000e+00 1.000000000000000000e+02
8.145897731124126295e+00 1.062792759735164516e+01 1.607296918233714678e+01 8.914140060038656088e+01 1.091701623526724916e+03 1.573781644836653060e+00 5.122885968964628410e+05 1.197839226609289108e+04 9.242790635028730321e+03 1.715575604643615225e+04 0.000000000000000000e+00 1.000000000000000000e+02
7.377187670086107651e+00 7.396160124772503508e+00 4.368626027203846851e-01 1.073349502414531571e+02 3.365893832212790926e+02 1.049653424627577047e+00 3.386174130725601572e+05 1.426370745948321201e+04 1.971716910310776075e+04 2.430527526948905506e+04 0.000000000000000000e+00 1.000000000000000000e+02
3.106224380635383113e+02 1.692528112477655000e+01 6.008611609620004401e+00 4.049987225494174368e+02 1.845676805482320901e+02 1.844014079904415571e+00 7.171294563361364417e+05 3.418861094131045684e+04 1.599739705049696568e+04 7.385162181608581159e+04 0.000000000000000000e+00 1.000000000000000000e+02
8.319094002723646852e+00 1.915543996219508571e+01 2.310729294863806160e+01 5.490857943388704854e+01 8.017323031577803931e+02 1.124606861248120149e+00 3.643238946931802202e+05 7.568643455936833561e+03 4.607141673727892339e+03 1.334238114551822946e+04 0.000000000000000000e+00 1.000000000000000000e+02
1.154056331942135216e+01 3.131428006808069764e+00 3.027728150194712864e-01 3.995817681263891359e+02 5.812513657138585899e+01 1.757193850299866300e+00 6.719823562129219063e+05 3.387291028058049415e+04 1.980949388784360781e+04 6.822244348035030998e+04 0.000000000000000000e+00 1.000000000000000000e+02
7.219205166083952463e+00 2.075658356904672175e+01 2.350241676420686332e+01 4.206994327741261941e+01 5.026036609158203987e+02 8.028994639652972110e-01 2.598115875254457933e+05 5.952151916376673398e+03 4.334942483403640836e+03 1.315546008415824508e+04 0.000000000000000000e+00 1.000000000000000000e+02
8.748028046083287990e+00 6.208500917390727736e+00 3.640840412116367331e-01 1.509346452575509545e+02 9.344047858193835054e+02 1.777593322004078935e+00 5.848736387466217857e+05 1.888002872524491613e+04 1.972366709662317589e+04 2.625925027536161360e+04 0.000000000000000000e+00 1.000000000000000000e+02
8.436963518990159727e+00 4.637992774700064658e+00 3.257929152684041485e-01 2.687458358958078861e+02 3.966202377608189611e+00 1.206033009988711324e+00 4.416215748106210376e+05 2.388401076903408830e+04 1.978208504889431788e+04 4.843696911944430758e+04 0.000000000000000000e+00 1.000000000000000000e+02
9.541075762988212361e+00 6.577437502367127209e+00 5.320732352563999346e-01 1.452201817148399527e+02 1.308453659778910605e+03 2.084618710620242066e+00 6.783934020543666556e+05 1.921698968334205347e+04 1.965127064810139927e+04 2.338293678625227039e+04 0.000000000000000000e+00 1.000000000000000000e+02
1.004627271449914971e+01 3.736142457252618065e+00 3.090587831791840601e-01 3.253309658134641609e+02 8.831511025619519728e+01 1.572846743271635539e+00 5.939429795941781485e+05 2.961465478820346470e+04 1.981399813699429069e+04 5.895260307295697567e+04 0.000000000000000000e+00 1.000000000000000000e+02
6.828783654373437457e+02 3.085492683390967983e+01 1.012959543268623719e+01 4.543910324084116610e+02 1.433768761112645223e+02 1.779198356463856490e+00 6.979123407735857181e+05 3.279813177538383752e+04 1.325799279560179821e+04 8.093125533591337444e+04 0.000000000000000000e+00 1.000000000000000000e+02
7.706113190414541236e+00 1.332757137449721441e+01 1.920673227751692025e+01 7.372275728726563671e+01 9.341382686970371196e+02 1.352530892765436477e+00 4.402027744412552565e+05 9.964986365557831959e+03 7.132927110995949988e+03 1.606769815380778891e+04 0.000000000000000000e+00 1.000000000000000000e+02
2.875113588102662447e+02 1.599437021775353607e+01 5.560226176715075574e+00 4.530821341618010365e+02 9.698017784897800198e+00 1.756980247951847485e+00 6.860797281712810509e+05 3.519033601343023474e+04 1.630958846701432958e+04 7.682585554880743439e+04 0.000000000000000000e+00 1.000000000000000000e+02
6.757310826661473868e+00 1.317218682555832210e+01 1.599142888129516393e+01 6.549569303105350571e+01 6.120307696575814589e+02 1.047533665212017961e+00 3.393292803872248624e+05 9.030720339193689142e+03 8.484220411485363002e+03 1.681148419597223619e+04 0.000000000000000000e+00 1.000000000000000000e+02
8.209278141046565835e+00 8.121679192833729743e+00 7.145812696509852735e+00 1.072443631674311320e+02 9.723476214494177157e+02 1.596725288921124974e+00 5.168695425969087519e+05 1.457540764104695518e+04 1.528490449123252984e+04 2.020228589687829299e+04 0.000000000000000000e+00 1.000000000000000000e+02
7.638196063513646550e+00 5.549041212675461132e+00 3.457354387016456920e-01 2.037716745321440612e+02 4.121341425544262904e+01 1.066907441634016518e+00 3.821904433884173632e+05 2.032816947652410818e+04 1.977410973602097511e+04 4.075826672140497976e+04 0.000000000000000000e+00 1.000000000000000000e+02
8.985727202067570474e+00 8.730882143698366349e+00 1.196206531567215414e+01 1.098816068446410270e+02 1.321222921388481382e+03 1.881286586665869009e+00 6.123656616044316906e+05 1.468949910282316159e+04 1.204217913818037050e+04 1.852568367276757635e+04 0.000000000000000000e+00 1.000000000000000000e+02
7.917044579400569049e+00 7.024772028240313659e+00 4.191240220078108480e-01 1.200125899778831808e+02 5.793065644627780557e+02 1.330220219824664429e+00 4.313856627929785172e+05 1.577446611002093232e+04 1.975378094960167073e+04 2.439813711569938459e+04 0.000000000000000000e+00 1.000000000000000000e+02
3.741917694068281719e+01 4.351105767048393247e+00 9.258193803033514246e-01 3.861571418845150561e+02 1.513030777535379059e+02 1.865689411758919780e+00 7.151534979050270049e+05 3.442739419113087934e+04 1.938938860238358757e+04 6.854545136652541987e+04 0.000000000000000000e+00 1.000000000000000000e+02
9.091949529454694812e+00 2.464181828851017286e+01 2.480881655718693679e+01 4.287103848166704267e+01 6.394714115459815957e+02 9.108836116487392109e-01 2.941356317734252661e+05 5.971979107875861700e+03 3.520641718640173167e+03 1.155664793079156152e+04 0.000000000000000000e+00 1.000000000000000000e+02
7.084109482357680463e+02 3.126232041918256499e+01 1.022849841981160068e+01 4.951098517329885453e+02 3.591347894692479059e+01 1.713155815894172651e+00 6.748310474978327984e+05 3.252515295806699578e+04 1.320456929871693137e+04 7.946293441430953681e+04 0.000000000000000000e+00 1.000000000000000000e+02
7.387519352065733180e+00 1.019837715937586253e+01 1.344565270215795394e+01 8.389609079389764190e+01 8.004284379108228222e+02 1.312474210557270426e+00 4.256426191311918665e+05 1.144608077787615002e+04 1.108889956396810885e+04 1.808548668615394490e+04 0.000000000000000000e+00 1.000000000000000000e+02
8.941956227227208842e+00 5.590929193836736033e+00 3.373716375214041996e-01 1.783665850067563099e+02 9.637019534712159157e+02 1.913296496451789119e+00 6.393966608177026501e+05 2.103649680071801049e+04 1.983423467823601459e+04 3.006092846285161431e+04 0.000000000000000000e+00 1.000000000000000000e+02
9.145820158807319800e+00 4.008700386517528358e+00 3.164622484818585546e-01 3.138937883674221894e+02 1.850827508795554355e+00 1.345571898814144962e+00 5.005629013382456615e+05 2.679883054132579855e+04 1.986216205868233010e+04 5.407720633862570685e+04 0.000000000000000000e+00 1.000000000000000000e+02
7.802961025627790370e+00 1.059297685009512513e+01 1.573805563694750020e+01 8.620017663869629132e+01 9.698296325607462904e+02 1.459710599577637824e+00 4.743094303744777571e+05 1.162733245144942339e+04 9.734678432728780535e+03 1.741597065243098405e+04 0.000000000000000000e+00 1.000000000000000000e+02
7.494000841204178087e+00 6.286945632453535993e+00 3.682543123405093155e-01 1.579050111273421635e+02 8.048926036798302164e+01 9.655556188059247757e-01 3.342509395543844439e+05 1.742175003519505481e+04 1.975634132554790267e+04 3.407005316305306769e+04 0.000000000000000000e+00 1.000000000000000000e+02
1.058364406193852680e+01 3.208697995635286571e+00 3.004667166732921113e-01 3.847980372629165231e+02 5.267585918453740135e+01 1.665255252450519086e+00 6.337758456341571873e+05 3.243965478101460030e+04 1.978732393945591321e+04 6.405381273780069751e+04 0.000000000000000000e+00 1.000000000000000000e+02
7.175666737878779955e+00 1.895207212075962389e+01 2.169178760901919389e+01 4.313414393349800235e+01 4.019789077794085301e+02 7.351634340387861455e-01 2.380267011096851202e+05 6.143831900027585107e+03 5.570342479513494254e+03 1.361632394821046000e+04 0.000000000000000000e+00 1.000000000000000000e+02
8.914401314944599974e+00 7.579508893601359709e+00 1.879476670256718940e+00 1.263103355532395398e+02 1.107986902575584281e+03 1.831433828838788580e+00 5.927882384357214905e+05 1.719145213362693175e+04 1.877033114447597836e+04 2.236800838478038349e+04 0.000000000000000000e+00 1.000000000000000000e+02
7.600627628184328799e+00 6.745894575922050329e+00 3.775454719633584144e-01 1.332551579980127201e+02 4.067648708510593565e+02 1.222913772701683444e+00 4.037531397519980092e+05 1.641746205516932241e+04 1.980273337443413402e+04 2.743812195500954840e+04 0.000000000000000000e+00 1.000000000000000000e+02
9.222177708532329987e+00 4.908514678465246917e+00 3.262254710029486304e-01 2.178622395498426840e+02 9.503362063941075348e+02 2.053398735844286449e+00 6.996629314716017107e+05 2.391271719247247893e+04 1.978822042709816378e+04 3.560693185238362639e+04 0.000000000000000000e+00 1.000000000000000000e+02
9.610691222862277172e+00 3.469262831630970823e+00 3.079290742225743172e-01 3.586862166619641812e+02 4.819164463381039099e+00 1.483756403536024226e+00 5.590056024199491367e+05 2.972261175534224458e+04 1.981148182945705048e+04 5.880423914050879830e+04 0.000000000000000000e+00 1.000000000000000000e+02
8.648600082325714311e+00 7.394135804374258214e+00 6.431970798124185817e-01 1.247333464947084423e+02 9.379179847240623076e+02 1.682698095418633022e+00 5.444396709360149689e+05 1.692742096855432101e+04 1.956981548072287114e+04 2.313674202007443455e+04 0.000000000000000000e+00 1.000000000000000000e+02
7.674999855397270920e+00 5.604970170183960931e+00 3.478344416495602887e-01 1.968499742531336949e+02 8.141888358041359197e+01 1.105040310578548013e+00 3.938212816077590105e+05 2.022568938534182962e+04 1.974873122289121238e+04 3.965835599561053095e+04 0.000000000000000000e+00 1.000000000000000000e+02
3.590789712404767897e+02 1.932918267304456350e+01 6.665624446976424977e+00 4.244665454685175519e+02 1.328817299906562823e+02 1.810208396705002887e+00 7.054989414788344875e+05 3.442546117893933842e+04 1.556537904000948583e+04 7.608133878348891449e+04 0.000000000000000000e+00 1.000000000000000000e+02
7.608672436078423473e+00 1.405487356368246665e+01 1.743929463832013838e+01 6.810923749129531757e+01 7.258744014420236681e+02 1.165018234354028515e+00 3.782959757741400972e+05 9.485446178500777023e+03 8.392015247461808030e+03 1.633546140366240434e+04 0.000000000000000000e+00 1.000000000000000000e+02
1.169775598983331122e+01 2.895215353305820027e+00 3.010956065344679300e-01 4.296384741257260771e+02 2.607999910408610234e+01 1.761103702204047883e+00 6.760193704740388785e+05 3.502313458402687684e+04 1.982100563464967126e+04 6.909185167174050002e+04 0.000000000000000000e+00 1.000000000000000000e+02
6.802604169742727080e+00 1.394751785918196774e+01 1.530195332376640671e+01 5.951763684153839762e+01 4.148878307933874225e+02 8.612301502135734088e-01 2.771825631366415764e+05 8.541751227907136126e+03 9.776533957577161345e+03 1.716240221940778429e+04 0.000000000000000000e+00 1.000000000000000000e+02
8.669730180606348924e+00 5.076956584643010473e+00 3.250114160465454871e-01 2.112332989233103717e+02 7.240314352940710023e+02 1.814409107248475816e+00 6.221299986761332257e+05 2.290578615164956500e+04 1.977096248648709661e+04 3.643446977490758582e+04 0.000000000000000000e+00 1.000000000000000000e+02
8.239644095990264816e+00 4.468497983877311341e+00 3.254112748615465844e-01 2.835421579326103938e+02 1.030157454425885799e+00 1.207205792579193915e+00 4.422778585870225797e+05 2.434872944872477456e+04 1.985848823489299320e+04 4.793395562622158468e+04 0.000000000000000000e+00 1.000000000000000000e+02
9.245955488233391861e+00 5.870205287333677191e+00 3.556292485608741893e-01 1.699029345118381116e+02 1.204698597940056743e+03 2.103044231679877640e+00 6.946764111314589391e+05 2.094174998681000943e+04 1.979099953936841121e+04 2.703074544149316716e+04 0.000000000000000000e+00 1.000000000000000000e+02
9.859866672583294189e+00 3.592323763828632721e+00 3.067786458391561499e-01 3.443630220073774808e+02 6.530114372765299890e+01 1.571304076613219358e+00 5.927646897468817187e+05 3.006977216929507631e+04 1.978915110220259885e+04 5.990965859300269221e+04 0.000000000000000000e+00 1.000000000000000000e+02
8.217187357895312516e+02 3.381284775766528128e+01 1.118924759933200441e+01 5.039043466798204918e+02 1.031469514738568165e+02 1.710726948751849275e+00 6.717999839403243968e+05 3.082928294585792537e+04 1.255300243047284494e+04 7.716522352916286036e+04 0.000000000000000000e+00 1.000000000000000000e+02
7.993983898261091348e+00 8.621787416912187751e+00 5.111724661177396101e+00 1.034487729791494246e+02 8.013279784239922492e+02 1.449825360048277556e+00 4.677071556703408714e+05 1.432297710961905432e+04 1.663327136337920092e+04 2.109416964732882843e+04 0.000000000000000000e+00 1.000000000000000000e+02
3.275316285532178426e+02 1.796646880019724435e+01 6.121840774542630648e+00 4.688371649225514943e+02 2.310811874240112473e+00 1.729652056609600752e+00 6.759082095821794355e+05 3.533661414309610700e+04 1.592932620387858879e+04 7.548406474570950377e+04 0.000000000000000000e+00 1.000000000000000000e+02
7.622305262379265756e+00 7.738833044678910866e+00 4.828418632199809046e-01 1.071638263908467508e+02 4.491682511536728271e+02 1.168085650310673351e+00 3.755458340798572754e+05 1.459160833342328442e+04 1.978298984075172120e+04 2.382966344046198355e+04 0.000000000000000000e+00 1.000000000000000000e+02
8.489195057855194904e+00 6.667405305902018853e+00 3.879948079168161756e-01 1.394725841652124529e+02 8.406705486383789321e+02 1.653858928244293258e+00 5.411856666787231807e+05 1.785287928618592923e+04 1.973797602377344811e+04 2.539514268871827153e+04 0.000000000000000000e+00 1.000000000000000000e+02
7.389020360256292719e+00 5.445129372905309850e+00 3.437388351188012114e-01 2.142838218297439994e+02 3.125279228425119271e+01 1.065427509877358236e+00 3.809066605322066462e+05 2.057919199386872424e+04 1.978682242956202390e+04 4.118213082452159142e+04 0.000000000000000000e+00 1.000000000000000000e+02
9.295138188127381795e+00 6.895672405082478917e+00 4.879779867702249696e-01 1.411159428087080130e+02 1.183781251498454594e+03 1.966181347571499538e+00 6.399595137515732786e+05 1.870681998110884160e+04 1.968953612363912544e+04 2.371682749262206198e+04 0.000000000000000000e+00 1.000000000000000000e+02
7.824762754706149792e+00 5.812432183087032911e+00 3.456108052417988796e-01 1.756850831772675292e+02 3.944670778335913610e+02 1.365575188921823946e+00 4.663401013415677589e+05 1.952102763621991835e+04 1.982553787845276383e+04 3.373382988618229865e+04 0.000000000000000000e+00 1.000000000000000000e+02
7.851049030291642339e+01 6.169308548670388248e+00 1.871185901224384107e+00 4.073871157845533730e+02 1.077376727545688055e+02 1.829595633956035972e+00 7.037815714073227718e+05 3.468445164054490306e+04 1.879213941847299793e+04 7.031063372789858840e+04 0.000000000000000000e+00 1.000000000000000000e+02
7.843660639633880827e+00 1.816160252256447549e+01 2.167633800190982285e+01 5.131195875036004139e+01 5.853740974829103152e+02 9.355586912756594931e-01 3.030517031942653703e+05 7.129967000348467991e+03 5.616318293182553134e+03 1.362883378937383350e+04 0.000000000000000000e+00 1.000000000000000000e+02
8.134306631060962900e+02 3.365873695928253539e+01 1.104327484421301087e+01 5.340362837648774530e+02 4.447095209363387092e+00 1.659694383692809971e+00 6.527159657917311415e+05 3.093333479780000198e+04 1.265067441811314711e+04 7.588465939770382829e+04 0.000000000000000000e+00 1.000000000000000000e+02
8.059595666318948304e+00 7.148241055393064869e+00 4.172999606508612791e-01 1.236638988724401713e+02 6.421534956664137326e+02 1.410725053813123520e+00 4.587961432766381768e+05 1.624024794569347250e+04 1.972589531902752788e+04 2.463855088705673188e+04 0.000000000000000000e+00 1.000000000000000000e+02
5.892110620027786894e+01 5.510964690150816914e+00 1.558981737668379441e+00 3.332551417189475842e+02 4.482359785977300817e+02 1.957835928777822421e+00 7.191092959534879774e+05 3.086712530219658584e+04 1.896564611403422532e+04 5.687124123441667325e+04 0.000000000000000000e+00 1.000000000000000000e+02
8.933249554113729118e+00 3.854368138917149356e+00 3.150596335468712761e-01 3.285651106135177315e+02 7.024266400644970654e-01 1.345205351254326276e+00 5.009865259257850703e+05 2.726542603841379969e+04 1.982436193214845844e+04 5.350206793160686357e+04 0.000000000000000000e+00 1.000000000000000000e+02
8.416732047101753267e+00 7.316020675788623251e+00 4.866493020150413074e-01 1.234900624583494562e+02 8.135202370347476517e+02 1.566121239569133072e+00 5.072841024704769370e+05 1.658552280804435941e+04 1.963788316093347748e+04 2.367055675591352701e+04 0.000000000000000000e+00 1.000000000000000000e+02
7.131811306989066068e+00 5.919739182766643459e+00 3.588905288977199959e-01 1.812229055740954209e+02 3.588857393060924039e+01 9.741877036830594028e-01 3.431670683893088717e+05 1.863995054310357227e+04 1.979450990147778430e+04 3.706105635586941207e+04 0.000000000000000000e+00 1.000000000000000000e+02
